-0,16103585915085402713
-0,05618952181467565254
0,55401328471416422250
0,25061529176249064399
0,50042289180441668073
0,42525287428450408989
-0,87018395171392926013
0,11879358307842874387
2,15243331729135123354
0,21350994600934020129
-0,24094543459919665063
-0,49935354458959757551
-1,69874505602866943121
2,78054367763780829748
-0,59343934123179442608
3,38992710802469998654
0,89735959639687090661
-0,56035922872267873718
0,84366011701477661155
1,53415115292591530682
0,65054850792246687874
0,80381292991733854780
0,41299221162032800914
2,41513856888422351332
0,21401688850624345228
-1,48703668973613756243
-1,21707234821680199133
-1,36110012409707459291
-1,04021415451381482598
-3,09550052496470984309
-0,54899920489171938343
0,04900259665900583844
0,51338696176492859546
0,72985702344368896810
-1,90694529634083442815
-0,21767268869703479406
0,62936283329601028225
0,02747886652311495523
1,00135358851721245621
0,12998763725975670535
-0,21170074470357902463
1,10407194528391650046
0,08098247369120402384
-1,34391726103290998218
-0,90533704055844932412
-0,45594322719645480335
-1,87947197396183818263
-3,20686737572495061954
0,16756793702806513369
0,54862403962573380589
4,56245222687659879313
-1,50073798071094288709
-0,29076713616724519929
-0,21466982084294536359
-0,07309998164374897911
-0,88554483567412334288
-0,47583104104615814300
0,89331087254043572976
-1,52629208897247670151
0,08594854190403396210
0,84809316281206326149
-1,15493126324542716432
-0,32079912017352035791
0,12494111127980134235
-0,92962827717838214525
0,31096002026802854745
-0,02563089385743796966
-4,69268578877913800085
0,34233434006725604881
-0,99611275159786294431
1,02856452653314422996
-0,43446638084614142006
1,28955379738787989652
0,17699437729795330920
-0,94098651663113008770
-0,95079278684010892775
0,28632665169141663375
0,34456952425495035452
-1,68467730441044949430
-1,54700636405313107780
0,95031832838302654487
-0,01688914127528645670
0,15958340369957971228
0,12541853375957320860
0,04940627996437596536
0,04952950951166441851
-2,18816543077537906115
-0,02948771460354701612
0,00366084597286739930
0,73886356199917069265
-0,34352214126580526976
-0,72289928977878559202
-2,50772015949400106649
2,47582645165731429771
0,93224586448991542120
3,43864466773984300829
0,84461106775933070256
0,63461389102302190324
-1,60853227097195317086
0,90411500726641702563
-1,70708851995657551193
0,02631396352146682383
0,34130007055584477005
-1,07365222344127442256
0,39619346850244774316
0,12615497110760012789
-1,43966752090715521817
-2,19049691161113635474
0,24684671398394186781
1,36377299404808249861
-0,37497031156276011687
-1,69873835548097162906
-1,46378389090030669450
-0,73677454310687939820
0,10509011293842288048
0,90675860345260339557
0,26089514898324789316
-0,34384087937676105495
-1,54226293437908634765
-0,12954483938345473515
0,48873830539631946124
-0,09753714676340070888
-1,74448671678274735974
0,60997724981085632567
-0,66996534968483434369
-2,76810593530207427193
-1,19709458241003097179
0,06238348505700581914
0,22446633645607549923
-1,21685147047141595245
-2,55193249195061788726
0,52415169138400263815
-1,79786273949164066011
1,35520826567806618179
0,48021726821336885305
-2,90245588123627173971
0,83208807527163564099
-0,00715994211683890214
-0,43387735868258076044
0,58587653414078999514
-1,88998825294951133813
0,04433818432195866382
-0,54352823235249136946
0,04841121829602137994
5,72959633939152634952
0,43525348470639618759
2,60665499737553840731
0,29573844432271795268
-0,30883990021042612151
0,34652747189573807063
-0,38611466508689051835
-0,12647033394658957484
0,61163779395433459651
0,69706477261980848148
0,87941112595135251251
1,02812181486703901889
2,47531409781845246343
0,94090992955271413045
2,50918680256572290688
0,37701177413860004206
-2,28782908912425142489
-0,23894944973036696956
-0,19590614200722095140
0,84264073477329359818
-0,44771919664713089038
0,25291616508272957153
0,15998176371565286935
0,59911368267048370484
0,92242603409681400706
0,49252034044775006016
-0,28359886498396985610
-0,50783682394672002847
0,46046785018895436403
2,35657866863603260299
0,51615708861464471013
0,56577328842442586865
-0,04029467092302885245
-0,03984481511547874333
-4,13826366300160586320
1,58436356649331733237
0,58233859938893262065
-0,52820656322268122462
0,05864054539993444198
-0,11439991902526708278
2,53671934629795714500
0,48286022471156403446
-1,26591548235077233642
-0,35785496277860673331
-1,32162350493249869388
-0,17004493949687002341
-4,38565836191955149559
2,37353140127368122947
1,57323181892145891325
0,87444444667285248229
3,56196476534508787992
0,23593657210351828835
-1,62433176770555753876
0,47685152688938042820
-0,04362117388343939028
0,53931529085884910568
0,28421455611743018377
0,45561038760703359562
0,67073351039191952960
3,21733589514619833238
0,65462640269295080397
-2,04675386215395826994
-0,87462995751253924670
-0,00947835099715202412
-3,30013856626247603643
0,99532397234626412974
-0,10757981123300608406
-0,10508455143084474703
1,33783661988596325187
0,73761988024413138731
3,94060732121378265447
-0,36511966184712663086
0,14702226126416967356
-1,66655478171401916221
0,60780892259872265626
-2,16376310718002962119
-1,06772951942441052253
-0,12304324968813783181
-2,79300416107146265432
-0,27946660165133530018
0,64250750326161032433
-1,77591975182841443903
1,12302854399136764485
0,64285961532203028668
0,82715177632088332516
-1,26403302765574920841
0,10648348362768733644
0,04271677849321871279
2,62415452168927920695
-0,22005159286113726291
0,67044003200052604274
1,32866659496134120744
-0,09409244998833421469
0,44441245923920708050
1,89998079361769356410
0,91530159957817280869
-0,74823320823386796352
0,36373098882426513345
-0,55750085461947562759
-0,65422770313971911893
0,59028055936756684829
0,38178457802081544603
1,44830639314223552638
1,79156489733231349959
0,28521237338911531456
0,33554846332701598888
0,53736060778034400176
0,13609432930116505123
0,03683990143939477185
1,70838853303188464849
0,29361192214052661553
0,01596743748704449947
-0,19759059038043402801
1,63842779610492472742
1,94781611314250713285
0,45079895326502983366
0,47287932845171137819
1,32142397118490406704
-0,32930495832946438117
-1,42884489177484685918
-0,51579107739039986580
0,11704394435731733937
-0,84242872395637069527
0,12575153190378049461
0,54424179658616989030
-0,56514598015707173673
0,49377713888500412986
-3,17763367125899787169
-0,12421658925206041646
0,31066740904119571898
0,41302934809026747853
-0,30679853441080184862
1,59344706209612030356
2,24812805955014516357
0,10759519741589829156
0,12324971775392837281
-0,48103157393536039033
-3,63721000843380970480
-0,28630790617125900788
1,11280433604637263301
3,28918569851793840542
-0,05140879015125818241
1,79099544623288986500
-0,04477688003813001805
2,11409821335351022498
1,38860238689481452212
-0,57816897688663881905
1,15090684855610447812
-0,12953855509843070770
0,12642032600217581462
0,94764478308567445808
0,94408076490096348721
0,66024125012149559311
0,93297702724148723341
0,05121488193239179254
0,22610840086563169238
1,37221324200247352110
0,06869199177719320648
-1,11364014101697272885
0,65660310734455151760
-0,04954075224194348648
0,19764945259650193443
2,45881354873896018631
0,47670917566960047118
-0,21474619619580767593
0,23448635681168156220
0,22418707576725444008
3,78230339798429149312
0,69399778674911227760
-0,12660605721070930518
0,99352205649774250062
0,08631097166588233560
-0,10415711459282886442
-0,61098189533579028154
0,11497062632145238492
-1,48719950618350194027
-2,06439365393723361919
-0,06731882526574081704
0,61938691967289016826
-0,27480627446275385228
0,01583961612533253335
0,38448838899149850867
0,03952101097816340669
0,05906101586193630848
2,17115722975145075679
0,76350436040314373365
-0,68665943535762496985
-0,30792566955477779223
5,05462429082630748667
0,16110071535105796592
-0,26056912360047262966
-3,92983642313473202634
-0,02278976335071433712
1,98538311158448133042
-0,25165779758755457696
0,01504256938206067866
0,13363648796246987982
1,12238107984481305657
-1,40342289021016775052
2,53425912320985480264
-0,51187458759848170065
0,81369143925780862414
-1,45930792706829293159
0,78720762455707082861
0,83059695295052593522
0,77700218927552033854
-0,89088219710633209658
1,19701051048342721472
2,67453793496149261344
0,89981462019403801733
0,22614964151119512636
1,07316894115243788299
1,57908698415792425607
0,92152668884192989740
0,83335441359546291729
2,08430000066706755391
0,74473819102850347118
-3,20178973727489379897
-2,65214511760010873687
0,04003088273759417004
1,19017374012261178962
-0,12890940349791696340
-0,29617901067800284087
-1,73501722427689419881
0,57048344312717302884
2,43025683790551250141
0,45846924098435115624
0,83094285343199614235
-1,31324768784209244821
-0,03786146570972248604
-0,43247436916152659503
-2,56153296871040403460
-1,56100927615997497888
-2,09951139859940916210
0,54773369625192647181
3,31383881775669930647
-0,56400318530380966209
0,10965622833203148012
1,64884536529559677653
2,42861658755249587571
0,15872638554887208429
0,29491456375069524665
0,71409352161397587899
-0,58427543671664561309
0,57224172316550636630
0,21032754641654313743
-0,88886103998033905160
0,53927871572239838294
0,69402003954955859832
0,52361607394652986969
-2,42529772992342929072
-1,45991242922764841161
0,78145970391524199883
0,41269980682513512926
-1,23148976189949088678
-0,34213591791727204772
-0,64173503702105105795
0,82718383590497390756
-0,65267015474550860166
-0,58682092533962137981
0,26711741559766133403
0,40471706185534428446
0,99433031984308595241
-0,48361124897543161794
-1,99372310126139584696
1,93918812282629016153
-2,00547027972268265827
-0,75673004400013388349
-4,43824189571532823351
-0,73938679784583793975
0,32504529369452728194
1,39298570474611804748
1,52319337015665468016
-0,11525081388713157016
4,86847827058444693193
-0,45863670773463299790
-0,23707414411243910024
0,62584353091073052777
-0,10563846002104722299
-0,77540297380520906145
2,88572399672181534314
-0,24291157318288181255
1,56827713699899429223
-0,91812026173118033157
6,51072309680253180630
0,60165591002580509628
-0,27789063921973133908
2,75403897394817542832
0,02870874028895400651
-2,46134618335700627867
-1,58629189973799822333
-0,49376666038652083923
1,37555318889679401018
1,18794992497614515514
1,03203913622843090891
-0,12911126975130776673
-0,59582234954982804531
-1,99693934449647492180
-2,43855013367308082195
0,16568053278586794552
-0,35838484126046132872
-2,35594363517336935487
0,28685666972292184207
3,75075616474591022609
1,50891203461696687960
-1,28789901226548586521
-0,28820724503032774111
-0,48223421419781087316
0,30909586759684037904
-2,28163973674936437774
-0,54460204039949133836
1,98614274801450818586
2,64818998535283345319
0,26011412186001331426
1,06423623014471169235
-1,13533639889223092467
3,00130626662670962901
-0,57144567435948390166
-0,29847344964617728014
0,05706795747023230003
1,55218371817216871378
0,60805580123621050248
0,22811955946309392385
0,09781690210266003049
-0,46059096320613612807
-0,81021063031640261354
0,92936480368665730367
-0,72388866653989625277
0,07205140216452166069
2,18853080677925504460
-0,89477578939480639786
0,96494219817158155550
-0,77235080484024887237
1,11301990922128757333
-1,17540965135261821217
-0,11701113012744149278
2,34837440166752564608
0,23903040551611931530
-2,85541132257917640302
-1,66420505657998840654
1,12993326926974790858
-1,19528485539006390503
-0,41777818079746786850
-0,18420956002420219022
2,89589411549644459853
-0,39908225905870720052
-0,19112886005597071182
-0,55009823174864991291
-0,45602735473655509058
0,63048269131272172139
0,76182881310818528764
0,31976929035370360577
-2,22700698523651796634
2,58029570485219661435
1,79350321431408676887
-0,48209430047615642323
-3,96362855546431003262
-0,27905832034302735511
-1,13774195732145289028
0,74457447080213157165
1,12504036999564638322
0,45005662837766058360
-2,66282440827266064787
0,57733861929894692011
-0,65348153862266789016
0,99888927811841810023
1,05185630133380292328
2,20556995716654213879
2,00970589718854819594
-0,03048023305194166865
0,40616371880009605189
1,95261597497257954892
-0,63291134902759904612
-0,71022209354519472146
-1,34814099655520336363
-0,99767039008919922161
0,48601569475717454338
1,83047530938899960518
0,30648110762684210862
-0,41412476769060890813
0,04942260026088250019
-1,22408176869711704526
3,19952494027734735127
0,20249108000981549949
-1,86975893347248511844
-1,99061997244740451762
-2,00844434054754206187
-5,85887159623158737531
1,88113459621392764554
0,45498612611832001118
-0,33498231907982739530
-0,71702896970100060692
0,07357758542896013221
-0,62179811332431766946
-0,40648632298279491204
-0,26929968517214547541
-0,06549363250494188993
-0,89681406412345388013
0,47240221668539256195
0,40538347629589577270
-0,01037427281353570097
-0,98152503700756776883
0,59829143544200258376
-1,10932181914272987022
3,03295436312374677712
0,77885544933936312617
1,59072360864595441221
-0,75399529830281619702
0,74405881143253971288
1,23566237381250521032
0,42620745385961616991
-2,04521224807458912309
-0,39656046455318327837
-1,10241076211071487023
-0,53349174396946352772
0,09721361784884961776
0,63980483124214870827
0,34993505599485030810
-0,71136679798365087812
1,39477247673317616972
0,73970692138315530251
-1,91555845309642069907
-0,89834796449185783107
-2,02273367496291012202
-0,75611931686062894276
1,04439424854165152645
0,35641451049925476635
0,56087985144429830520
0,45135131994688604262
0,93141677510779952165
0,80729998405609626477
-1,12011226864806556769
-3,19684257627472367957
-1,75817193359076417991
-3,00377195746259317843
0,14414972713996507259
0,16555963078093396956
-0,99640277831794754615
-0,61722910478476644691
-0,79066791767243449485
-0,27693065823064144659
-0,69553893634710184379
-0,68412560338947692173
-4,44450295324895350291
-1,31130269600129656382
-2,00644146427324621129
0,36670261804666931527
2,85040850572358284154
-0,26898997948325253926
0,24821799635748717505
-0,77386639218261843443
-0,18776835695239441071
0,25113029250241047929
0,27490908121596213665
-2,22351764733941115182
3,26060927956461332755
-0,16425296267740871481
0,57400505512331134739
1,26983211376503035694
-1,63652771759075821301
0,91614308916066766741
0,35503715566191978992
1,47470863722747691504
0,92336718506180737176
-0,76963346307990210260
-0,89633132311621332988
-0,57623416940922911333
0,26089993216073942284
2,16410169355277304248
-0,68161362243454970411
0,91109079384129487700
-0,02838703036876852326
0,35947336074577762588
5,86912971482558809555
-1,64524840640020708626
-0,24261449208093543994
1,76336518632554994923
0,72101565426699198991
-0,06990321653296358018
0,79628520677149028373
-0,99230742570948782255
1,97193266823955926093
1,15360715027744875627
1,32703503088049035163
-0,04090478304930614262
2,94967767837584693424
1,63539344233302785803
-0,89385315771214812752
-3,77823466478178726646
-0,02754424721160439460
-1,86447534187677166351
0,18116071794858912281
4,63055606060165914073
3,25337716724708947424
-0,53001831638829977056
-0,32395909785518850477
0,01892247894947423140
-0,13809173179004002874
-0,43271664910855667241
0,10883224245880665504
0,25721095324510623303
-0,16763065306358579387
-0,66767594876892677469
-0,09863462337129327850
-0,03828207664366251040
-0,42855057447138455995
0,44308530107404336951
-0,51458700849278549150
0,99912311575251533391
-0,57055531747525256581
-1,05200426116173950675
-0,05906622550392334747
0,23621082928772427212
-1,13101679744103100766
0,75477428376532829102
0,59670471874879771335
-1,69766351342515120493
-0,36626081883253625016
-1,61485207357613380630
-1,54707149586559333798
-0,61665521276346457746
0,40270698975794688712
-0,30364449748969229992
-0,11885176813733866474
-0,40132050902699734074
-0,97438642800257491139
-1,89493025751716381855
-0,03523217422064739424
-0,04093011238281329955
0,45770586939457102993
-0,64886814723405072947
-1,22728314395601834086
1,18190864060752853781
0,88246769747148245955
3,98082864231044331049
3,46107586667667499469
0,32237995137519670497
1,21985808177263765906
-1,84065230073130869926
0,53658629335958785145
2,41424041652493448495
-3,24543610733791254574
-0,84841086183860603409
1,02932349096061170890
2,07709218722293442738
-0,65683703628479106484
-0,99960288468035340959
2,76495729921962674069
-1,91673922316047229408
-1,79503265362597930199
-0,48414383816200473598
-0,16751841530054409346
0,12804430030351085512
0,41756155110216219839
-1,91900720880712483130
-0,17877585092492764840
0,78019605485218068708
-0,03463816880991854585
-1,56100521588771190551
4,70416833539065315506
1,37732807507920429479
-0,80995642939465151144
2,63781276365878936119
1,14498027093389609377
0,42630854317901134554
-0,00653068048621358033
-0,09477367650432369506
0,59564029067127199912
0,88417469563054240655
-0,28004617470892739783
1,01485007917397052069
0,63386208751631556435
1,30873012982929726178
0,14530705689756104326
0,53889978664710569412
0,56012010618145868790
-0,48677098955575137662
-0,17248072588676680028
0,62721402079233623539
-0,64661871019756012036
-1,86426843110579643081
-0,18422960116133735298
2,67008344515447948453
-0,76902274613314813845
-1,10188192280517927024
-0,13408747068716425632
1,49280677181510701423
2,52243267768112078286
-1,36854028882520895039
-2,11703203978884690883
0,80232259905312630632
0,28995444359714350746
-7,02967769844982015570
-1,34336267614815962901
0,47576279430914070190
-1,49208974796915039285
-2,60800471716030957126
-0,21134526273839343569
-0,24827659039980065625
-1,13220423383067791967
0,88928681382007557232
-2,25241411343783770604
0,11099757593375972342
-0,84899117098674936610
2,01345773811345507553
-0,86278987672164242362
0,17364909741647296948
0,06170855037151001810
1,48413634037382924369
-7,06285008064666630645
-0,93912586714060719562
0,85723539897498246543
0,42085144849946409806
-0,92200271327630889395
-0,03722324027132600799
2,16247910397133669136
1,94583791736168576492
0,52785604384934481370
2,36326776529222692957
-1,70973956546943162138
-0,19620309607143449071
0,34966015125389793283
-0,44593843440207037165
-1,32780439512215675535
0,37097884308426204436
2,62476881734383482581
-1,08711687733042494663
0,36097090820216992668
0,27603314252111360583
0,35369009365211512286
0,44245159481773760346
-1,79300335789522069518
-0,77447832790971837813
-0,19998511219944026251
-0,31775299517109611980
3,24700158794417204078
0,15510784788845446980
0,32810808767995669477
0,49096970788910654360
0,65206411057461122205
0,00456845604279161339
-0,93277507746374022091
-0,45179565852423297923
0,65941133429574350089
-1,38170554166201831059
-0,37414063897279525861
2,40469786145866537552
-0,61439913478431162908
0,19529614279469453830
-3,22246261215088924956
0,14542945313163432863
1,99137740601044033184
0,75072090740679164877
0,60513935253009354387
-0,59047789172454068218
1,72321404784331932980
1,70263245934996909625
-0,95649584907078144536
0,18545033100528166004
1,85754120013527002087
0,82831530129803287998
3,04185798575857280213
0,13650945730725475014
0,57444872736327146079
0,12507621048934755570
2,61727567047038922610
0,60626065736244394433
-4,73712696479284289808
0,71019569326682108201
0,13374655095852519548
1,50386671849045261418
1,48472886807210535665
-0,26238345663397455443
1,72415471255985530696
-0,45476718867401766389
0,02225891426809645246
0,57984004286254786642
-1,74152775120469627268
0,15548583548459440906
-0,90264724760946157822
0,92400698332747266406
-0,76775854826680800524
-1,26962371578970478758
0,99296391442732934163
0,18506145972996523863
-0,57453311902109283071
1,97933853536556880748
1,13345038275254772486
0,13793298956910876596
-0,37151197255267820463
-3,36322990211823569240
0,14247809789366558397
-2,72397825252601544221
-3,30672825626782040942
-0,23565478687761015619
1,95922542894295870219
-0,94228212054598237124
0,37659145657509240923
-0,67852782114408982661
-0,59676248052646507780
-0,64609077281411542160
-0,40317810995385389150
0,12223482441742272719
-1,90197455489901923187
1,36216289195867945594
0,25409769446569474560
0,06741059307934907374
2,53756280176005954985
-0,25972192033685287393
0,40268511419099017878
0,77232609132770979610
-0,71603599409163831702
4,06743601637527696369
1,12404325265721083404
0,50655585627654142744
0,39629972281855646576
0,38193920865672703613
0,10362156527899718528
1,50070499018255554269
0,21714581048003545050
0,54796209539496165686
-0,06965417412456603730
-0,14975576947519300686
-1,61761772297819805821
0,68389170652977271381
0,05434113314744942053
0,29222641054114117942
-0,45808195433141829511
0,12013645732500628782
0,38549455154843265126
-0,98882687547236025605
1,93559375277942069538
1,14365891428088950477
1,03194839920861802796
1,22796423140779231709
1,05179865206068567929
-0,78059104259499434431
0,00045421740503013289
0,02515911775828325730
3,22547747707276410978
-1,67749360237710520849
-0,94378015134860360202
0,09254050410356132184
2,13744919334266114674
-1,07821807181913587037
-0,34626899951719386506
-1,35001952941487179949
-0,39445138141480107219
0,86715442272844600602
1,29242091964412297855
0,14354789512312279842
-3,04810057333794848233
1,21328341207609891050
0,83297665982530755269
-2,87227240256740978808
-1,28738410519024593093
-0,12226446731843698679
-1,24732274404180842886
-0,25458329519879108194
0,92521312409464828708
1,12578876815635009478
-2,07297258836220921197
0,12052039023088689795
0,01945707759497794509
0,39595712848655939542
-0,58381035939311209937
-0,18206549887858086700
0,47014733188500973382
-0,14939639324845496726
-0,23606600310108902252
-0,12255360989039165709
0,32388435149169747529
-0,03591515972391562395
0,04488932246310342600
-1,04690288531166109109
-0,67750457952668308170
-0,52726614633864388182
-0,01949655275969480739
-2,86463915711197003588
-0,47446475622148248652
-1,31778645618035272769
-1,14354471125882817262
0,18279894978669364303
0,28851693801589994859
0,92998248658776350162
1,58701767936956805727
0,03340752264283306655
0,24050123000779807803
2,53267034865419971013
-0,58779757992734171790
0,04237464708006044578
-1,55534940847420788401
-0,84267343431573094037
0,46637714247416373059
-1,20732579062504097323
-0,11727353992382644199
-0,00548157063219673057
0,31068439776836598298
0,23290831004538803395
0,38774815592394401564
0,73714992449460237101
1,01212046029805868841
-0,10394456486727016165
0,57062134649282347798
0,08333564561048259489
1,30365311464481159476
1,58522966351066663115
0,06693309291440721620
-0,12526637123927764073
-1,41484237008996682761
-2,37846806900690133091
0,38555364200600039659
2,35105871746526906563
0,30159738094894283922
1,37965194928755630066
0,22293512432326698103
-0,07238571747306205006
-1,45925335998963534578
0,61717703374234955671
-2,15528789918024488159
0,18385685245332344939
-0,54877215061222994752
-5,07804329023161926671
-0,14085252857007032889
0,37719022196500934241
0,51195249783893603812
0,34807787445685461902
1,09128729035306304418
-0,62018689186953879222
-0,37634076969057805861
0,79904451158482769912
-0,95084201086112463130
-0,79633552174630117815
0,35276062854769130173
0,92669500418840144995
0,33731403134158377544
-0,63051577660485602639
-1,27307072674775567656
1,98102651362048187700
0,73382616723316163032
-0,34905853728518043688
-1,18578966943673069778
0,52929054477577330839
-0,11928810894432702316
-0,38545975330739118414
0,84267420675006476927
0,33579119667072820921
0,61541363537229132330
-0,09311688546717485082
-0,64336102451619159304
0,92422830060412786146
0,44099126317005776787
-3,25004579099100876505
2,11252451198037061175
1,37495897654405374588
2,32060345499322773222
